[5, 7, 7] 2 2  
 [10, 10, 10, 10] 1 1  
 [1] 0 0  
 [5, 10, 7, 3, 8] 4 4  
 [100] 0 0  
 [5, 4] 0 0  
 [5, 5] 1 1  
 [5, 6] 1 1  
 [5, 7] 2 2  
 [4, 1, 7, 4, 6, 5] 3 3  
 [3, 1, 4, 1, 5, 9, 2, 6, 5, 3, 5, 8, 9, 7, 9, 3, 2, 3, 8, 6, 4]
6 6  
 [1, 100, 100, 100, 100, 100, 100, 100, 100, 100, 100, 100,
100, 100, 100, 100, 100, 100, 100, 100, 100, 100, 100, 100, 100, 100,
100, 100, 100, 100, 100, 100, 100, 100, 100, 100, 100, 100, 100, 100,
100, 100, 100, 100, 100, 100, 100, 100, 100, 100] 98 98 
 [1, 1, 2, 3, 4, 5, 6, 7, 8, 9, 10, 11, 12, 13, 14, 15, 16, 17,
18, 19, 20, 21, 22, 23, 24, 25, 26, 27, 28, 29, 30, 31, 32, 33, 34, 35,
36, 37, 38, 39, 40, 41, 42, 43, 44, 45, 46, 47, 48, 49] 41 41 
 [1, 49, 48, 47, 46, 45, 44, 43, 42, 41, 40, 39, 38, 37, 36, 35,
34, 33, 32, 31, 30, 29, 28, 27, 26, 25, 24, 23, 22, 21, 20, 19, 18, 17,
16, 15, 14, 13, 12, 11, 10, 9, 8, 7, 6, 5, 4, 3, 2, 1] 41 41 
 [100, 100, 100, 100, 100, 100, 100, 100, 100, 100, 100, 100,
100, 100, 100, 100, 100, 100, 100, 100, 100, 100, 100, 100, 100, 100,
100, 100, 100, 100, 100, 100, 100, 100, 100, 100, 100, 100, 100, 100,
100, 100, 100, 100, 100, 100, 100, 100, 100, 100] 1 1 
 [13, 58, 72, 3, 68, 89, 19, 15, 13, 65, 61, 36, 75, 37, 4, 3,
91, 56, 19, 23, 29, 51, 11, 72, 94, 51, 74, 2, 28, 74, 31, 52, 60, 26,
60, 18, 68, 58, 80, 79, 6, 83, 81, 95, 44, 50, 86, 45, 7, 5] 67 67
 [37, 22, 5, 28, 85, 36, 19, 11, 100, 62, 91, 15, 14, 24, 4, 71,
87, 46, 21, 79, 14, 94, 63, 24, 31, 80, 64, 34, 22, 40, 24, 18, 35, 59,
9, 7, 68, 58, 86, 35, 64, 2, 24, 56, 25, 90, 63, 95, 35, 88] 50 50
 [100, 1, 1, 1, 1, 1, 1, 1, 1, 1, 1, 1, 1, 1, 1, 1, 1, 1, 1, 1,
1, 1, 1, 1, 1, 1, 1, 1, 1, 1, 1, 1, 1, 1, 1, 1, 1, 1, 1, 1, 1, 1, 1, 1,
1, 1, 1, 1, 1, 1] 0 0  
 [5] 0 0  
 [1, 5] 3 3  
 [5, 7, 7, 8, 8, 8, 8] 4 4  
 [1, 2, 3] 2 2  
 [9, 92, 100, 49, 100, 100, 100, 100, 100, 100, 100, 100, 44, 100,
100] 85 85  
 [50, 70, 100] 26 26  
 [6, 4, 4] 0 0  
 [9, 1, 8] 0 0  
 [1, 7, 7, 8, 3, 6, 7, 2] 6 6
 [5, 12, 7, 3, 8] 4 4  
 [1, 2, 3, 4, 5, 6, 7, 8, 9, 10] 7 7  
 [1, 5, 10, 15] 9 9  
 [3, 6, 6] 3 3  
 [1, 1, 1, 1, 1, 1, 1, 23, 100] 50 50
 [1, 100, 5, 5] 50 50  
 [1] 0 0  
 [10, 13, 13, 10] 3 3  
 [5, 3, 7, 10, 8] 4 4
 [10, 15, 15, 15, 15] 5 5  
 [9, 11, 10, 10, 10] 2 2  
 [5, 7, 7] 2 2  
 [2, 10, 10] 6 6
 [4, 3, 3, 3] 0 0  
 [1, 10, 100] 50 50  
 [12, 10, 10] 0 0  
 [1, 2] 1 1
 [3, 12, 43, 45, 99, 32, 32, 75, 21, 56, 2, 75, 23, 97, 98,
43, 23, 23, 76, 43, 21, 45, 97, 53, 84] 78 78  
 [5, 7, 7, 8, 9, 10, 11, 12] 6 6  
 [5, 10, 10] 4 4  
 [9, 9, 9, 9, 7, 7, 15, 15, 15] 6 6  
 [3, 4, 6] 2 2  
 [1, 100, 100, 99, 99, 99, 98, 97, 96, 95, 91] 89 89  
 [4, 57, 76, 3, 1, 1, 23, 35, 67, 45, 89, 23, 47, 56, 35, 34, 12, 89,
45, 34, 24, 56, 78, 2, 2, 1, 1, 1, 23, 76, 79, 34, 24, 45, 35, 35, 24,
24, 64, 74, 74, 35, 67, 44, 36, 67, 45, 45, 45, 75] 69 69
 [1, 2, 4] 2 2  
 [24, 100] 39 39  
 [5, 7, 6] 2 2  
 [5, 7, 10, 3, 8, 10, 10] 5 5
 [2, 5] 2 2  
 [2, 100] 50 50  
 [10, 15, 15, 15, 15, 100] 46 46  
 [80, 100, 100] 14 14  
 [2, 10] 5 5  
 [1, 99, 99, 99, 99] 80 80
 [10, 12] 2 2  
 [7, 10, 8] 2 2  
 [10, 11, 11] 2 2  
 [1, 11] 6 6  
 [4, 7, 3] 2 2
 [1, 4] 2 2  
 [5, 6, 6] 2 2  
 [1, 3] 2 2  
 [10, 22, 15, 15, 15, 15, 15] 7 7  
 [1, 3, 4, 7] 4 4  
 [7, 9, 2, 2, 3, 15, 9] 5 5
 [5, 6, 10, 50] 23 23  
 [5, 7, 7, 8, 9, 10, 11, 12, 13] 6 6  
 [5, 10, 20] 8 8  
